-0.122335 0.970269 0.208836 128000 -1.02922 -0.000106659 0.000125809 -2.62714e-05 0.000144038 0 -0.527798 -0.503632 0.863918 1.342e-06 2722 283.16 730 0.4 0.5 0.0065 0.000204089 -2.32164e-07 4.95851 -6.6214e-08 2.99898e-12 2.11159e-16 2.99895e-12 1.54401e-16 1.62883e-09 2.36088e-05 -0.0771683 -4.48684 -0.0771683 -4.48684 -0.0771683 -4.48684 -0.0771683 -4.48684 0 1 0 0 0 1 
-0.122442 0.970216 0.209019 128000 -1.0292 -0.000106659 0.000125809 -2.62723e-05 0.000144038 0 -0.527798 -0.503632 0.863918 1.342e-06 2722 283.16 730 0.4 0.5 0.0065 0.000204089 -2.32164e-07 4.95873 -6.6214e-08 3.15782e-12 3.60917e-16 3.1578e-12 3.60924e-16 1.62703e-09 2.35885e-05 -0.0771683 -4.48684 -0.0771683 -4.48684 -0.0771683 -4.48684 -0.0771683 -4.48684 0 1 0 0 0 1 
-0.128669 0.967056 0.219652 128000 -1.02758 -0.000106659 0.000125809 -2.63286e-05 0.000144038 0 -0.527798 -0.503632 0.863918 1.342e-06 2722 283.16 730 0.4 0.5 0.0065 0.000204089 -2.32164e-07 4.97149 -6.6214e-08 2.87867e-12 -2.53879e-16 2.87867e-12 -2.53879e-16 1.50552e-09 2.24538e-05 -0.0771683 -4.48684 -0.0771683 -4.48684 -0.0771683 -4.48684 -0.0771683 -4.48684 0 1 0 0 0 1 
-0.12874 0.967019 0.219773 128000 -1.02756 -0.000106659 0.000125809 -2.63293e-05 0.000144038 0 -0.527798 -0.503632 0.863918 1.342e-06 2722 283.16 730 0.4 0.5 0.0065 0.000204089 -2.32164e-07 4.97163 -6.6214e-08 2.72786e-12 2.70464e-16 2.72786e-12 2.13574e-16 1.50386e-09 2.24413e-05 -0.0771683 -4.48684 -0.0771683 -4.48684 -0.0771683 -4.48684 -0.0771683 -4.48684 0 1 0 0 0 1 
-0.128776 0.967001 0.219834 128000 -1.02755 -0.000106659 0.000125809 -2.63296e-05 0.000144038 0 -0.527798 -0.503632 0.863918 1.342e-06 2722 283.16 730 0.4 0.5 0.0065 0.000204089 -2.32164e-07 4.97171 -6.6214e-08 2.7823e-12 -1.03673e-16 2.78224e-12 -2.45924e-16 1.50331e-09 2.24352e-05 -0.0771683 -4.48684 -0.0771683 -4.48684 -0.0771683 -4.48684 -0.0771683 -4.48684 0 1 0 0 0 1 
-0.129592 0.966573 0.221229 128000 -1.02734 -0.000106659 0.000125809 -2.63371e-05 0.000144038 0 -0.527798 -0.503632 0.863918 1.342e-06 2722 283.16 730 0.4 0.5 0.0065 0.000204089 -2.32164e-07 4.97338 -6.6214e-08 2.87599e-12 9.32753e-18 2.87605e-12 2.08421e-16 1.48852e-09 2.22938e-05 -0.0771683 -4.48684 -0.0771683 -4.48684 -0.0771683 -4.48684 -0.0771683 -4.48684 0 1 0 0 0 1 
-0.129699 0.966517 0.221411 128000 -1.02731 -0.000106659 0.000125809 -2.63381e-05 0.000144038 0 -0.527798 -0.503632 0.863918 1.342e-06 2722 283.16 730 0.4 0.5 0.0065 0.000204089 -2.32164e-07 4.9736 -6.6214e-08 2.79409e-12 1.16603e-16 2.79417e-12 1.44938e-16 1.48634e-09 2.22754e-05 -0.0771683 -4.48684 -0.0771683 -4.48684 -0.0771683 -4.48684 -0.0771683 -4.48684 0 1 0 0 0 1 
-0.12977 0.96648 0.221532 128000 -1.02729 -0.000106659 0.000125809 -2.63387e-05 0.000144038 0 -0.527798 -0.503632 0.863918 1.342e-06 2722 283.16 730 0.4 0.5 0.0065 0.000204089 -2.32164e-07 4.97375 -6.6214e-08 2.86836e-12 -4.37628e-16 2.86838e-12 -4.0929e-16 1.48526e-09 2.22633e-05 -0.0771683 -4.48684 -0.0771683 -4.48684 -0.0771683 -4.48684 -0.0771683 -4.48684 0 1 0 0 0 1 
-0.129841 0.966443 0.221653 128000 -1.02727 -0.000106659 0.000125809 -2.63394e-05 0.000144038 0 -0.527798 -0.503632 0.863918 1.342e-06 2722 283.16 730 0.4 0.5 0.0065 0.000204089 -2.32164e-07 4.97389 -6.6214e-08 2.73999e-12 3.27097e-16 2.73999e-12 3.27222e-16 1.48363e-09 2.2251e-05 -0.0771683 -4.48684 -0.0771683 -4.48684 -0.0771683 -4.48684 -0.0771683 -4.48684 0 1 0 0 0 1 
-0.129912 0.966405 0.221775 128000 -1.02725 -0.000106659 0.000125809 -2.634e-05 0.000144038 0 -0.527798 -0.503632 0.863918 1.342e-06 2722 283.16 730 0.4 0.5 0.0065 0.000204089 -2.32164e-07 4.97404 -6.6214e-08 2.82725e-12 -3.43462e-16 2.82731e-12 -3.43333e-16 1.48254e-09 2.22389e-05 -0.0771683 -4.48684 -0.0771683 -4.48684 -0.0771683 -4.48684 -0.0771683 -4.48684 0 1 0 0 0 1 
-0.129983 0.966368 0.221896 128000 -1.02723 -0.000106659 0.000125809 -2.63407e-05 0.000144038 0 -0.527798 -0.503632 0.863918 1.342e-06 2722 283.16 730 0.4 0.5 0.0065 0.000204089 -2.32164e-07 4.97419 -6.6214e-08 2.67909e-12 -1.29613e-16 2.67932e-12 1.83891e-16 1.48092e-09 2.22267e-05 -0.0771683 -4.48684 -0.0771683 -4.48684 -0.0771683 -4.48684 -0.0771683 -4.48684 0 1 0 0 0 1 
-0.130054 0.96633 0.222017 128000 -1.02722 -0.000106659 0.000125809 -2.63414e-05 0.000144038 0 -0.527798 -0.503632 0.863918 1.342e-06 2722 283.16 730 0.4 0.5 0.0065 0.000204089 -2.32164e-07 4.97433 -6.6214e-08 2.77958e-12 -2.86307e-16 2.77938e-12 -5.70582e-16 1.47984e-09 2.22146e-05 -0.0771683 -4.48684 -0.0771683 -4.48684 -0.0771683 -4.48684 -0.0771683 -4.48684 0 1 0 0 0 1 
-0.130125 0.966293 0.222138 128000 -1.0272 -0.000106659 0.000125809 -2.6342e-05 0.000144038 0 -0.527798 -0.503632 0.863918 1.342e-06 2722 283.16 730 0.4 0.5 0.0065 0.000204089 -2.32164e-07 4.97448 -6.6214e-08 2.85395e-12 2.06327e-16 2.85418e-12 5.76782e-16 1.47876e-09 2.22025e-05 -0.0771683 -4.48684 -0.0771683 -4.48684 -0.0771683 -4.48684 -0.0771683 -4.48684 0 1 0 0 0 1 
-0.130196 0.966255 0.22226 128000 -1.02718 -0.000106659 0.000125809 -2.63427e-05 0.000144038 0 -0.527798 -0.503632 0.863918 1.342e-06 2722 283.16 730 0.4 0.5 0.0065 0.000204089 -2.32164e-07 4.97462 -6.6214e-08 2.7258e-12 6.65768e-18 2.72597e-12 2.91474e-16 1.47714e-09 2.21903e-05 -0.0771683 -4.48684 -0.0771683 -4.48684 -0.0771683 -4.48684 -0.0771683 -4.48684 0 1 0 0 0 1 
-0.130267 0.966218 0.222381 128000 -1.02716 -0.000106659 0.000125809 -2.63433e-05 0.000144038 0 -0.527798 -0.503632 0.863918 1.342e-06 2722 283.16 730 0.4 0.5 0.0065 0.000204089 -2.32164e-07 4.97477 -6.6214e-08 2.81315e-12 3.30241e-16 2.81335e-12 6.43535e-16 1.47606e-09 2.21782e-05 -0.0771683 -4.48684 -0.0771683 -4.48684 -0.0771683 -4.48684 -0.0771683 -4.48684 0 1 0 0 0 1 
-0.130906 0.96588 0.223472 128000 -1.02699 -0.000106659 0.000125809 -2.63492e-05 0.000144038 0 -0.527798 -0.503632 0.863918 1.342e-06 2722 283.16 730 0.4 0.5 0.0065 0.000204089 -2.32164e-07 4.97608 -6.6214e-08 2.69796e-12 -2.77505e-16 2.69799e-12 -2.48872e-16 1.46425e-09 2.20697e-05 -0.0771683 -4.48684 -0.0771683 -4.48684 -0.0771683 -4.48684 -0.0771683 -4.48684 0 1 0 0 0 1 
-0.133919 0.964261 0.22862 128000 -1.02617 -0.000106659 0.000125809 -2.63773e-05 0.000144038 0 -0.527798 -0.503632 0.863918 1.342e-06 2722 283.16 730 0.4 0.5 0.0065 0.000204089 -2.32164e-07 4.98228 -6.6214e-08 2.58515e-12 4.04475e-17 2.58512e-12 1.1811e-17 1.41095e-09 2.15704e-05 -0.0771683 -4.48684 -0.0771683 -4.48684 -0.0771683 -4.48684 -0.0771683 -4.48684 0 1 0 0 0 1 
-0.133954 0.964241 0.22868 128000 -1.02616 -0.000106659 0.000125809 -2.63777e-05 0.000144038 0 -0.527798 -0.503632 0.863918 1.342e-06 2722 283.16 730 0.4 0.5 0.0065 0.000204089 -2.32164e-07 4.98235 -6.6214e-08 2.62932e-12 -2.13957e-16 2.62926e-12 -3.28127e-16 1.41044e-09 2.15647e-05 -0.0771683 -4.48684 -0.0771683 -4.48684 -0.0771683 -4.48684 -0.0771683 -4.48684 0 1 0 0 0 1 
-0.13399 0.964222 0.228741 128000 -1.02615 -0.000106659 0.000125809 -2.6378e-05 0.000144038 0 -0.527798 -0.503632 0.863918 1.342e-06 2722 283.16 730 0.4 0.5 0.0065 0.000204089 -2.32164e-07 4.98243 -6.6214e-08 2.66727e-12 -3.51027e-16 2.66722e-12 -4.65207e-16 1.40993e-09 2.1559e-05 -0.0771683 -4.48684 -0.0771683 -4.48684 -0.0771683 -4.48684 -0.0771683 -4.48684 0 1 0 0 0 1 
-0.134025 0.964203 0.228801 128000 -1.02615 -0.000106659 0.000125809 -2.63783e-05 0.000144038 0 -0.527798 -0.503632 0.863918 1.342e-06 2722 283.16 730 0.4 0.5 0.0065 0.000204089 -2.32164e-07 4.9825 -6.6214e-08 2.69946e-12 2.52385e-16 2.6994e-12 1.38209e-16 1.40941e-09 2.15532e-05 -0.0771683 -4.48684 -0.0771683 -4.48684 -0.0771683 -4.48684 -0.0771683 -4.48684 0 1 0 0 0 1 
-0.13406 0.964184 0.228862 128000 -1.02613 -0.000106659 0.000125809 -2.63787e-05 0.000144038 0 -0.527798 -0.503632 0.863918 1.342e-06 2722 283.16 730 0.4 0.5 0.0065 0.000204089 -2.32164e-07 4.98257 -6.6214e-08 2.52848e-12 2.45518e-16 2.52837e-12 4.62141e-17 1.4084e-09 2.15474e-05 -0.0771683 -4.48684 -0.0771683 -4.48684 -0.0771683 -4.48684 -0.0771683 -4.48684 0 1 0 0 0 1 
-0.134096 0.964164 0.228922 128000 -1.02612 -0.000106659 0.000125809 -2.6379e-05 0.000144038 0 -0.527798 -0.503632 0.863918 1.342e-06 2722 283.16 730 0.4 0.5 0.0065 0.000204089 -2.32164e-07 4.98265 -6.6214e-08 2.57866e-12 -1.40929e-16 2.5786e-12 -3.11728e-16 1.40789e-09 2.15417e-05 -0.0771683 -4.48684 -0.0771683 -4.48684 -0.0771683 -4.48684 -0.0771683 -4.48684 0 1 0 0 0 1 
-0.134167 0.964126 0.229043 128000 -1.02611 -0.000106659 0.000125809 -2.63797e-05 0.000144038 0 -0.527798 -0.503632 0.863918 1.342e-06 2722 283.16 730 0.4 0.5 0.0065 0.000204089 -2.32164e-07 4.98279 -6.6214e-08 2.66104e-12 3.03705e-16 2.66093e-12 1.32903e-16 1.40686e-09 2.15303e-05 -0.0771683 -4.48684 -0.0771683 -4.48684 -0.0771683 -4.48684 -0.0771683 -4.48684 0 1 0 0 0 1 
-0.134202 0.964106 0.229104 128000 -1.0261 -0.000106659 0.000125809 -2.638e-05 0.000144038 0 -0.527798 -0.503632 0.863918 1.342e-06 2722 283.16 730 0.4 0.5 0.0065 0.000204089 -2.32164e-07 4.98286 -6.6214e-08 2.69272e-12 3.25315e-16 2.69267e-12 1.54516e-16 1.40635e-09 2.15246e-05 -0.0771683 -4.48684 -0.0771683 -4.48684 -0.0771683 -4.48684 -0.0771683 -4.48684 0 1 0 0 0 1 
-0.134238 0.964087 0.229164 128000 -1.02608 -0.000106659 0.000125809 -2.63803e-05 0.000144038 0 -0.527798 -0.503632 0.863918 1.342e-06 2722 283.16 730 0.4 0.5 0.0065 0.000204089 -2.32164e-07 4.98294 -6.6214e-08 2.52223e-12 3.04207e-16 2.52226e-12 2.75818e-16 1.40534e-09 2.15188e-05 -0.0771683 -4.48684 -0.0771683 -4.48684 -0.0771683 -4.48684 -0.0771683 -4.48684 0 1 0 0 0 1 
-0.134273 0.964068 0.229225 128000 -1.02608 -0.000106659 0.000125809 -2.63807e-05 0.000144038 0 -0.527798 -0.503632 0.863918 1.342e-06 2722 283.16 730 0.4 0.5 0.0065 0.000204089 -2.32164e-07 4.98301 -6.6214e-08 2.57243e-12 1.42312e-16 2.57246e-12 1.99463e-16 1.40483e-09 2.15131e-05 -0.0771683 -4.48684 -0.0771683 -4.48684 -0.0771683 -4.48684 -0.0771683 -4.48684 0 1 0 0 0 1 
-0.134308 0.964048 0.229285 128000 -1.02607 -0.000106659 0.000125809 -2.6381e-05 0.000144038 0 -0.527798 -0.503632 0.863918 1.342e-06 2722 283.16 730 0.4 0.5 0.0065 0.000204089 -2.32164e-07 4.98308 -6.6214e-08 2.6165e-12 2.66097e-16 2.61647e-12 2.66219e-16 1.40432e-09 2.15074e-05 -0.0771683 -4.48684 -0.0771683 -4.48684 -0.0771683 -4.48684 -0.0771683 -4.48684 0 1 0 0 0 1 
-0.134344 0.964029 0.229346 128000 -1.02606 -0.000106659 0.000125809 -2.63813e-05 0.000144038 0 -0.527798 -0.503632 0.863918 1.342e-06 2722 283.16 730 0.4 0.5 0.0065 0.000204089 -2.32164e-07 4.98316 -6.6214e-08 2.65443e-12 3.87728e-16 2.65443e-12 4.16364e-16 1.40381e-09 2.15017e-05 -0.0771683 -4.48684 -0.0771683 -4.48684 -0.0771683 -4.48684 -0.0771683 -4.48684 0 1 0 0 0 1 
-0.134379 0.96401 0.229406 128000 -1.02605 -0.000106659 0.000125809 -2.63817e-05 0.000144038 0 -0.527798 -0.503632 0.863918 1.342e-06 2722 283.16 730 0.4 0.5 0.0065 0.000204089 -2.32164e-07 4.98323 -6.6214e-08 2.68606e-12 3.83814e-16 2.686e-12 3.26907e-16 1.4033e-09 2.1496e-05 -0.0771683 -4.48684 -0.0771683 -4.48684 -0.0771683 -4.48684 -0.0771683 -4.48684 0 1 0 0 0 1 
-0.134415 0.963991 0.229467 128000 -1.02604 -0.000106659 0.000125809 -2.6382e-05 0.000144038 0 -0.527798 -0.503632 0.863918 1.342e-06 2722 283.16 730 0.4 0.5 0.0065 0.000204089 -2.32164e-07 4.9833 -6.6214e-08 2.51587e-12 1.49891e-16 2.51607e-12 3.78031e-16 1.40229e-09 2.14902e-05 -0.0771683 -4.48684 -0.0771683 -4.48684 -0.0771683 -4.48684 -0.0771683 -4.48684 0 1 0 0 0 1 
-0.134485 0.963952 0.229588 128000 -1.02602 -0.000106659 0.000125809 -2.63827e-05 0.000144038 0 -0.527798 -0.503632 0.863918 1.342e-06 2722 283.16 730 0.4 0.5 0.0065 0.000204089 -2.32164e-07 4.98345 -6.6214e-08 2.61011e-12 4.27172e-16 2.61025e-12 7.40876e-16 1.40128e-09 2.14788e-05 -0.0771683 -4.48684 -0.0771683 -4.48684 -0.0771683 -4.48684 -0.0771683 -4.48684 0 1 0 0 0 1 
-0.134521 0.963932 0.229648 128000 -1.02601 -0.000106659 0.000125809 -2.6383e-05 0.000144038 0 -0.527798 -0.503632 0.863918 1.342e-06 2722 283.16 730 0.4 0.5 0.0065 0.000204089 -2.32164e-07 4.98352 -6.6214e-08 2.64756e-12 -4.5157e-17 2.64776e-12 2.68553e-16 1.40077e-09 2.14731e-05 -0.0771683 -4.48684 -0.0771683 -4.48684 -0.0771683 -4.48684 -0.0771683 -4.48684 0 1 0 0 0 1 
-0.134556 0.963913 0.229709 128000 -1.026 -0.000106659 0.000125809 -2.63833e-05 0.000144038 0 -0.527798 -0.503632 0.863918 1.342e-06 2722 283.16 730 0.4 0.5 0.0065 0.000204089 -2.32164e-07 4.98359 -6.6214e-08 2.67934e-12 2.19825e-16 2.67957e-12 4.19461e-16 1.40025e-09 2.14674e-05 -0.0771683 -4.48684 -0.0771683 -4.48684 -0.0771683 -4.48684 -0.0771683 -4.48684 0 1 0 0 0 1 
-0.134592 0.963894 0.229769 128000 -1.02599 -0.000106659 0.000125809 -2.63837e-05 0.000144038 0 -0.527798 -0.503632 0.863918 1.342e-06 2722 283.16 730 0.4 0.5 0.0065 0.000204089 -2.32164e-07 4.98367 -6.6214e-08 2.5098e-12 2.73737e-16 2.50983e-12 2.73602e-16 1.39925e-09 2.14616e-05 -0.0771683 -4.48684 -0.0771683 -4.48684 -0.0771683 -4.48684 -0.0771683 -4.48684 0 1 0 0 0 1 
-0.134627 0.963874 0.22983 128000 -1.02598 -0.000106659 0.000125809 -2.6384e-05 0.000144038 0 -0.527798 -0.503632 0.863918 1.342e-06 2722 283.16 730 0.4 0.5 0.0065 0.000204089 -2.32164e-07 4.98374 -6.6214e-08 2.55986e-12 3.54883e-16 2.55986e-12 2.97705e-16 1.39874e-09 2.1456e-05 -0.0771683 -4.48684 -0.0771683 -4.48684 -0.0771683 -4.48684 -0.0771683 -4.48684 0 1 0 0 0 1 
-0.134662 0.963855 0.22989 128000 -1.02597 -0.000106659 0.000125809 -2.63843e-05 0.000144038 0 -0.527798 -0.503632 0.863918 1.342e-06 2722 283.16 730 0.4 0.5 0.0065 0.000204089 -2.32164e-07 4.98381 -6.6214e-08 2.60345e-12 2.35069e-17 2.60339e-12 -1.19228e-16 1.39824e-09 2.14503e-05 -0.0771683 -4.48684 -0.0771683 -4.48684 -0.0771683 -4.48684 -0.0771683 -4.48684 0 1 0 0 0 1 
-0.135016 0.963661 0.230495 128000 -1.02587 -0.000106659 0.000125809 -2.63877e-05 0.000144038 0 -0.527798 -0.503632 0.863918 1.342e-06 2722 283.16 730 0.4 0.5 0.0065 0.000204089 -2.32164e-07 4.98454 -6.6214e-08 2.59053e-12 -3.12081e-17 2.59062e-12 1.39947e-16 1.39218e-09 2.13935e-05 -0.0771683 -4.48684 -0.0771683 -4.48684 -0.0771683 -4.48684 -0.0771683 -4.48684 0 1 0 0 0 1 
-0.135052 0.963642 0.230556 128000 -1.02586 -0.000106659 0.000125809 -2.6388e-05 0.000144038 0 -0.527798 -0.503632 0.863918 1.342e-06 2722 283.16 730 0.4 0.5 0.0065 0.000204089 -2.32164e-07 4.98461 -6.6214e-08 2.62788e-12 -1.15149e-16 2.62796e-12 8.45339e-17 1.39167e-09 2.13879e-05 -0.0771683 -4.48684 -0.0771683 -4.48684 -0.0771683 -4.48684 -0.0771683 -4.48684 0 1 0 0 0 1 
-0.135087 0.963622 0.230616 128000 -1.02585 -0.000106659 0.000125809 -2.63883e-05 0.000144038 0 -0.527798 -0.503632 0.863918 1.342e-06 2722 283.16 730 0.4 0.5 0.0065 0.000204089 -2.32164e-07 4.98469 -6.6214e-08 2.65921e-12 -6.73154e-17 2.65929e-12 1.03843e-16 1.39116e-09 2.13822e-05 -0.0771683 -4.48684 -0.0771683 -4.48684 -0.0771683 -4.48684 -0.0771683 -4.48684 0 1 0 0 0 1 
-0.135123 0.963603 0.230677 128000 -1.02584 -0.000106659 0.000125809 -2.63887e-05 0.000144038 0 -0.527798 -0.503632 0.863918 1.342e-06 2722 283.16 730 0.4 0.5 0.0065 0.000204089 -2.32164e-07 4.98476 -6.6214e-08 2.49122e-12 2.81256e-16 2.49122e-12 2.52602e-16 1.39017e-09 2.13765e-05 -0.0771683 -4.48684 -0.0771683 -4.48684 -0.0771683 -4.48684 -0.0771683 -4.48684 0 1 0 0 0 1 
-0.135193 0.963564 0.230798 128000 -1.02582 -0.000106659 0.000125809 -2.63894e-05 0.000144038 0 -0.527798 -0.503632 0.863918 1.342e-06 2722 283.16 730 0.4 0.5 0.0065 0.000204089 -2.32164e-07 4.98491 -6.6214e-08 2.58408e-12 -8.25925e-17 2.58405e-12 -8.27246e-17 1.38916e-09 2.13652e-05 -0.0771683 -4.48684 -0.0771683 -4.48684 -0.0771683 -4.48684 -0.0771683 -4.48684 0 1 0 0 0 1 
-0.135229 0.963544 0.230858 128000 -1.02581 -0.000106659 0.000125809 -2.63897e-05 0.000144038 0 -0.527798 -0.503632 0.863918 1.342e-06 2722 283.16 730 0.4 0.5 0.0065 0.000204089 -2.32164e-07 4.98498 -6.6214e-08 2.6213e-12 -2.30173e-16 2.62128e-12 -2.87358e-16 1.38866e-09 2.13596e-05 -0.0771683 -4.48684 -0.0771683 -4.48684 -0.0771683 -4.48684 -0.0771683 -4.48684 0 1 0 0 0 1 
-0.135264 0.963525 0.230919 128000 -1.02581 -0.000106659 0.000125809 -2.639e-05 0.000144038 0 -0.527798 -0.503632 0.863918 1.342e-06 2722 283.16 730 0.4 0.5 0.0065 0.000204089 -2.32164e-07 4.98505 -6.6214e-08 2.65248e-12 -3.21246e-16 2.65243e-12 -4.3548e-16 1.38815e-09 2.1354e-05 -0.0771683 -4.48684 -0.0771683 -4.48684 -0.0771683 -4.48684 -0.0771683 -4.48684 0 1 0 0 0 1 
-0.1353 0.963505 0.230979 128000 -1.02579 -0.000106659 0.000125809 -2.63904e-05 0.000144038 0 -0.527798 -0.503632 0.863918 1.342e-06 2722 283.16 730 0.4 0.5 0.0065 0.000204089 -2.32164e-07 4.98512 -6.6214e-08 2.4848e-12 -1.35471e-16 2.4848e-12 -7.86826e-17 1.38716e-09 2.13483e-05 -0.0771683 -4.48684 -0.0771683 -4.48684 -0.0771683 -4.48684 -0.0771683 -4.48684 0 1 0 0 0 1 
-0.135335 0.963486 0.23104 128000 -1.02578 -0.000106659 0.000125809 -2.63907e-05 0.000144038 0 -0.527798 -0.503632 0.863918 1.342e-06 2722 283.16 730 0.4 0.5 0.0065 0.000204089 -2.32164e-07 4.9852 -6.6214e-08 2.53449e-12 2.89905e-16 2.5344e-12 1.75532e-16 1.38666e-09 2.13426e-05 -0.0771683 -4.48684 -0.0771683 -4.48684 -0.0771683 -4.48684 -0.0771683 -4.48684 0 1 0 0 0 1 
-0.13537 0.963466 0.2311 128000 -1.02577 -0.000106659 0.000125809 -2.6391e-05 0.000144038 0 -0.527798 -0.503632 0.863918 1.342e-06 2722 283.16 730 0.4 0.5 0.0065 0.000204089 -2.32164e-07 4.98527 -6.6214e-08 2.57762e-12 -2.70746e-17 2.57759e-12 -8.4395e-17 1.38615e-09 2.1337e-05 -0.0771683 -4.48684 -0.0771683 -4.48684 -0.0771683 -4.48684 -0.0771683 -4.48684 0 1 0 0 0 1 
-0.135406 0.963447 0.23116 128000 -1.02577 -0.000106659 0.000125809 -2.63914e-05 0.000144038 0 -0.527798 -0.503632 0.863918 1.342e-06 2722 283.16 730 0.4 0.5 0.0065 0.000204089 -2.32164e-07 4.98534 -6.6214e-08 2.61476e-12 -3.4668e-16 2.61465e-12 -4.61067e-16 1.38565e-09 2.13314e-05 -0.0771683 -4.48684 -0.0771683 -4.48684 -0.0771683 -4.48684 -0.0771683 -4.48684 0 1 0 0 0 1 
-0.135441 0.963428 0.231221 128000 -1.02576 -0.000106659 0.000125809 -2.63917e-05 0.000144038 0 -0.527798 -0.503632 0.863918 1.342e-06 2722 283.16 730 0.4 0.5 0.0065 0.000204089 -2.32164e-07 4.98542 -6.6214e-08 2.64616e-12 1.79344e-16 2.64613e-12 6.49607e-17 1.38514e-09 2.13258e-05 -0.0771683 -4.48684 -0.0771683 -4.48684 -0.0771683 -4.48684 -0.0771683 -4.48684 0 1 0 0 0 1 
-0.135477 0.963408 0.231281 128000 -1.02574 -0.000106659 0.000125809 -2.6392e-05 0.000144038 0 -0.527798 -0.503632 0.863918 1.342e-06 2722 283.16 730 0.4 0.5 0.0065 0.000204089 -2.32164e-07 4.98549 -6.6214e-08 2.47884e-12 9.89877e-17 2.47884e-12 2.12975e-16 1.38415e-09 2.13201e-05 -0.0771683 -4.48684 -0.0771683 -4.48684 -0.0771683 -4.48684 -0.0771683 -4.48684 0 1 0 0 0 1 
-0.135547 0.963369 0.231402 128000 -1.02573 -0.000106659 0.000125809 -2.63927e-05 0.000144038 0 -0.527798 -0.503632 0.863918 1.342e-06 2722 283.16 730 0.4 0.5 0.0065 0.000204089 -2.32164e-07 4.98564 -6.6214e-08 2.57128e-12 -1.4053e-16 2.57131e-12 -5.50707e-17 1.38315e-09 2.13089e-05 -0.0771683 -4.48684 -0.0771683 -4.48684 -0.0771683 -4.48684 -0.0771683 -4.48684 0 1 0 0 0 1 
-0.135583 0.96335 0.231463 128000 -1.02572 -0.000106659 0.000125809 -2.6393e-05 0.000144038 0 -0.527798 -0.503632 0.863918 1.342e-06 2722 283.16 730 0.4 0.5 0.0065 0.000204089 -2.32164e-07 4.98571 -6.6214e-08 2.60844e-12 -1.86134e-16 2.60844e-12 -1.00668e-16 1.38265e-09 2.13033e-05 -0.0771683 -4.48684 -0.0771683 -4.48684 -0.0771683 -4.48684 -0.0771683 -4.48684 0 1 0 0 0 1 
-0.135618 0.96333 0.231523 128000 -1.02571 -0.000106659 0.000125809 -2.63934e-05 0.000144038 0 -0.527798 -0.503632 0.863918 1.342e-06 2722 283.16 730 0.4 0.5 0.0065 0.000204089 -2.32164e-07 4.98578 -6.6214e-08 2.63956e-12 -1.14892e-16 2.6395e-12 -8.64922e-17 1.38214e-09 2.12977e-05 -0.0771683 -4.48684 -0.0771683 -4.48684 -0.0771683 -4.48684 -0.0771683 -4.48684 0 1 0 0 0 1 
-0.135653 0.963311 0.231584 128000 -1.0257 -0.000106659 0.000125809 -2.63937e-05 0.000144038 0 -0.527798 -0.503632 0.863918 1.342e-06 2722 283.16 730 0.4 0.5 0.0065 0.000204089 -2.32164e-07 4.98585 -6.6214e-08 2.47251e-12 -2.56912e-16 2.47251e-12 -2.85847e-16 1.38116e-09 2.1292e-05 -0.0771683 -4.48684 -0.0771683 -4.48684 -0.0771683 -4.48684 -0.0771683 -4.48684 0 1 0 0 0 1 
-0.135689 0.963291 0.231644 128000 -1.02569 -0.000106659 0.000125809 -2.6394e-05 0.000144038 0 -0.527798 -0.503632 0.863918 1.342e-06 2722 283.16 730 0.4 0.5 0.0065 0.000204089 -2.32164e-07 4.98593 -6.6214e-08 2.52193e-12 1.19242e-16 2.52193e-12 1.18835e-16 1.38066e-09 2.12864e-05 -0.0771683 -4.48684 -0.0771683 -4.48684 -0.0771683 -4.48684 -0.0771683 -4.48684 0 1 0 0 0 1 
-0.135724 0.963271 0.231705 128000 -1.02568 -0.000106659 0.000125809 -2.63944e-05 0.000144038 0 -0.527798 -0.503632 0.863918 1.342e-06 2722 283.16 730 0.4 0.5 0.0065 0.000204089 -2.32164e-07 4.986 -6.6214e-08 2.56493e-12 -1.95641e-16 2.5649e-12 -1.38978e-16 1.38016e-09 2.12808e-05 -0.0771683 -4.48684 -0.0771683 -4.48684 -0.0771683 -4.48684 -0.0771683 -4.48684 0 1 0 0 0 1 
-0.13576 0.963252 0.231765 128000 -1.02567 -0.000106659 0.000125809 -2.63947e-05 0.000144038 0 -0.527798 -0.503632 0.863918 1.342e-06 2722 283.16 730 0.4 0.5 0.0065 0.000204089 -2.32164e-07 4.98607 -6.6214e-08 2.60228e-12 3.5799e-16 2.60225e-12 2.43454e-16 1.37966e-09 2.12752e-05 -0.0771683 -4.48684 -0.0771683 -4.48684 -0.0771683 -4.48684 -0.0771683 -4.48684 0 1 0 0 0 1 
-0.135795 0.963232 0.231826 128000 -1.02566 -0.000106659 0.000125809 -2.6395e-05 0.000144038 0 -0.527798 -0.503632 0.863918 1.342e-06 2722 283.16 730 0.4 0.5 0.0065 0.000204089 -2.32164e-07 4.98615 -6.6214e-08 2.63316e-12 2.37298e-16 2.63319e-12 2.08357e-16 1.37915e-09 2.12696e-05 -0.0771683 -4.48684 -0.0771683 -4.48684 -0.0771683 -4.48684 -0.0771683 -4.48684 0 1 0 0 0 1 
-0.135866 0.963193 0.231946 128000 -1.02564 -0.000106659 0.000125809 -2.63957e-05 0.000144038 0 -0.527798 -0.503632 0.863918 1.342e-06 2722 283.16 730 0.4 0.5 0.0065 0.000204089 -2.32164e-07 4.98629 -6.6214e-08 2.51566e-12 -1.26113e-16 2.51546e-12 -4.11458e-16 1.37767e-09 2.12584e-05 -0.0771683 -4.48684 -0.0771683 -4.48684 -0.0771683 -4.48684 -0.0771683 -4.48684 0 1 0 0 0 1 
-0.135901 0.963174 0.232007 128000 -1.02563 -0.000106659 0.000125809 -2.6396e-05 0.000144038 0 -0.527798 -0.503632 0.863918 1.342e-06 2722 283.16 730 0.4 0.5 0.0065 0.000204089 -2.32164e-07 4.98636 -6.6214e-08 2.55891e-12 3.18173e-16 2.55871e-12 3.28276e-17 1.37717e-09 2.12528e-05 -0.0771683 -4.48684 -0.0771683 -4.48684 -0.0771683 -4.48684 -0.0771683 -4.48684 0 1 0 0 0 1 
-0.135937 0.963154 0.232067 128000 -1.02562 -0.000106659 0.000125809 -2.63964e-05 0.000144038 0 -0.527798 -0.503632 0.863918 1.342e-06 2722 283.16 730 0.4 0.5 0.0065 0.000204089 -2.32164e-07 4.98644 -6.6214e-08 2.5958e-12 1.64961e-16 2.59563e-12 -2.3453e-16 1.37667e-09 2.12472e-05 -0.0771683 -4.48684 -0.0771683 -4.48684 -0.0771683 -4.48684 -0.0771683 -4.48684 0 1 0 0 0 1 
-0.135972 0.963135 0.232128 128000 -1.02561 -0.000106659 0.000125809 -2.63967e-05 0.000144038 0 -0.527798 -0.503632 0.863918 1.342e-06 2722 283.16 730 0.4 0.5 0.0065 0.000204089 -2.32164e-07 4.98651 -6.6214e-08 2.62641e-12 -3.81212e-16 2.62624e-12 -6.38033e-16 1.37617e-09 2.12417e-05 -0.0771683 -4.48684 -0.0771683 -4.48684 -0.0771683 -4.48684 -0.0771683 -4.48684 0 1 0 0 0 1 
-0.136007 0.963115 0.232188 128000 -1.0256 -0.000106659 0.000125809 -2.63971e-05 0.000144038 0 -0.527798 -0.503632 0.863918 1.342e-06 2722 283.16 730 0.4 0.5 0.0065 0.000204089 -2.32164e-07 4.98658 -6.6214e-08 2.4605e-12 -1.21725e-16 2.4605e-12 -1.78815e-16 1.37519e-09 2.1236e-05 -0.0771683 -4.48684 -0.0771683 -4.48684 -0.0771683 -4.48684 -0.0771683 -4.48684 0 1 0 0 0 1 
-0.136043 0.963096 0.232249 128000 -1.02559 -0.000106659 0.000125809 -2.63974e-05 0.000144038 0 -0.527798 -0.503632 0.863918 1.342e-06 2722 283.16 730 0.4 0.5 0.0065 0.000204089 -2.32164e-07 4.98666 -6.6214e-08 2.50948e-12 -6.10236e-17 2.50959e-12 -3.25091e-17 1.37469e-09 2.12304e-05 -0.0771683 -4.48684 -0.0771683 -4.48684 -0.0771683 -4.48684 -0.0771683 -4.48684 0 1 0 0 0 1 
-0.136078 0.963076 0.232309 128000 -1.02558 -0.000106659 0.000125809 -2.63977e-05 0.000144038 0 -0.527798 -0.503632 0.863918 1.342e-06 2722 283.16 730 0.4 0.5 0.0065 0.000204089 -2.32164e-07 4.98673 -6.6214e-08 2.55248e-12 1.21495e-16 2.55248e-12 9.29398e-17 1.37419e-09 2.12249e-05 -0.0771683 -4.48684 -0.0771683 -4.48684 -0.0771683 -4.48684 -0.0771683 -4.48684 0 1 0 0 0 1 
-0.136113 0.963056 0.23237 128000 -1.02557 -0.000106659 0.000125809 -2.63981e-05 0.000144038 0 -0.527798 -0.503632 0.863918 1.342e-06 2722 283.16 730 0.4 0.5 0.0065 0.000204089 -2.32164e-07 4.9868 -6.6214e-08 2.58956e-12 3.22482e-16 2.58956e-12 2.65389e-16 1.37369e-09 2.12193e-05 -0.0771683 -4.48684 -0.0771683 -4.48684 -0.0771683 -4.48684 -0.0771683 -4.48684 0 1 0 0 0 1 
-0.136149 0.963037 0.23243 128000 -1.02556 -0.000106659 0.000125809 -2.63984e-05 0.000144038 0 -0.527798 -0.503632 0.863918 1.342e-06 2722 283.16 730 0.4 0.5 0.0065 0.000204089 -2.32164e-07 4.98687 -6.6214e-08 2.62006e-12 -1.31737e-16 2.62003e-12 -1.88827e-16 1.37319e-09 2.12137e-05 -0.0771683 -4.48684 -0.0771683 -4.48684 -0.0771683 -4.48684 -0.0771683 -4.48684 0 1 0 0 0 1 
-0.13622 0.962998 0.232551 128000 -1.02554 -0.000106659 0.000125809 -2.63991e-05 0.000144038 0 -0.527798 -0.503632 0.863918 1.342e-06 2722 283.16 730 0.4 0.5 0.0065 0.000204089 -2.32164e-07 4.98702 -6.6214e-08 2.50322e-12 -1.78863e-16 2.5033e-12 -1.21912e-16 1.37172e-09 2.12025e-05 -0.0771683 -4.48684 -0.0771683 -4.48684 -0.0771683 -4.48684 -0.0771683 -4.48684 0 1 0 0 0 1 
-0.136255 0.962978 0.232611 128000 -1.02553 -0.000106659 0.000125809 -2.63994e-05 0.000144038 0 -0.527798 -0.503632 0.863918 1.342e-06 2722 283.16 730 0.4 0.5 0.0065 0.000204089 -2.32164e-07 4.98709 -6.6214e-08 2.54638e-12 3.60128e-16 2.54635e-12 3.02926e-16 1.37122e-09 2.1197e-05 -0.0771683 -4.48684 -0.0771683 -4.48684 -0.0771683 -4.48684 -0.0771683 -4.48684 0 1 0 0 0 1 
-0.13629 0.962958 0.232672 128000 -1.02552 -0.000106659 0.000125809 -2.63997e-05 0.000144038 0 -0.527798 -0.503632 0.863918 1.342e-06 2722 283.16 730 0.4 0.5 0.0065 0.000204089 -2.32164e-07 4.98717 -6.6214e-08 2.58302e-12 1.63684e-16 2.58302e-12 7.79406e-17 1.37072e-09 2.11914e-05 -0.0771683 -4.48684 -0.0771683 -4.48684 -0.0771683 -4.48684 -0.0771683 -4.48684 0 1 0 0 0 1 
-0.136326 0.962939 0.232732 128000 -1.02551 -0.000106659 0.000125809 -2.64001e-05 0.000144038 0 -0.527798 -0.503632 0.863918 1.342e-06 2722 283.16 730 0.4 0.5 0.0065 0.000204089 -2.32164e-07 4.98724 -6.6214e-08 2.61362e-12 2.78538e-17 2.61359e-12 -8.64245e-17 1.37022e-09 2.11859e-05 -0.0771683 -4.48684 -0.0771683 -4.48684 -0.0771683 -4.48684 -0.0771683 -4.48684 0 1 0 0 0 1 
-0.136361 0.962919 0.232793 128000 -1.0255 -0.000106659 0.000125809 -2.64004e-05 0.000144038 0 -0.527798 -0.503632 0.863918 1.342e-06 2722 283.16 730 0.4 0.5 0.0065 0.000204089 -2.32164e-07 4.98731 -6.6214e-08 2.44867e-12 2.79924e-16 2.44867e-12 2.51369e-16 1.36924e-09 2.11803e-05 -0.0771683 -4.48684 -0.0771683 -4.48684 -0.0771683 -4.48684 -0.0771683 -4.48684 0 1 0 0 0 1 
-0.136396 0.9629 0.232853 128000 -1.02549 -0.000106659 0.000125809 -2.64007e-05 0.000144038 0 -0.527798 -0.503632 0.863918 1.342e-06 2722 283.16 730 0.4 0.5 0.0065 0.000204089 -2.32164e-07 4.98739 -6.6214e-08 2.49709e-12 -2.79761e-16 2.49715e-12 -3.08313e-16 1.36875e-09 2.11747e-05 -0.0771683 -4.48684 -0.0771683 -4.48684 -0.0771683 -4.48684 -0.0771683 -4.48684 0 1 0 0 0 1 
-0.136432 0.96288 0.232914 128000 -1.02548 -0.000106659 0.000125809 -2.64011e-05 0.000144038 0 -0.527798 -0.503632 0.863918 1.342e-06 2722 283.16 730 0.4 0.5 0.0065 0.000204089 -2.32164e-07 4.98746 -6.6214e-08 2.54004e-12 2.24501e-16 2.54007e-12 2.81571e-16 1.36825e-09 2.11692e-05 -0.0771683 -4.48684 -0.0771683 -4.48684 -0.0771683 -4.48684 -0.0771683 -4.48684 0 1 0 0 0 1 
-0.136467 0.96286 0.232974 128000 -1.02547 -0.000106659 0.000125809 -2.64014e-05 0.000144038 0 -0.527798 -0.503632 0.863918 1.342e-06 2722 283.16 730 0.4 0.5 0.0065 0.000204089 -2.32164e-07 4.98753 -6.6214e-08 2.57656e-12 -1.17467e-16 2.57656e-12 -1.46022e-16 1.36776e-09 2.11637e-05 -0.0771683 -4.48684 -0.0771683 -4.48684 -0.0771683 -4.48684 -0.0771683 -4.48684 0 1 0 0 0 1 
-0.136502 0.962841 0.233034 128000 -1.02546 -0.000106659 0.000125809 -2.64018e-05 0.000144038 0 -0.527798 -0.503632 0.863918 1.342e-06 2722 283.16 730 0.4 0.5 0.0065 0.000204089 -2.32164e-07 4.9876 -6.6214e-08 2.60705e-12 -2.96624e-16 2.60705e-12 -3.53724e-16 1.36726e-09 2.11581e-05 -0.0771683 -4.48684 -0.0771683 -4.48684 -0.0771683 -4.48684 -0.0771683 -4.48684 0 1 0 0 0 1 
-0.136573 0.962801 0.233155 128000 -1.02544 -0.000106659 0.000125809 -2.64024e-05 0.000144038 0 -0.527798 -0.503632 0.863918 1.342e-06 2722 283.16 730 0.4 0.5 0.0065 0.000204089 -2.32164e-07 4.98775 -6.6214e-08 2.49103e-12 -1.62224e-16 2.491e-12 -1.90911e-16 1.36579e-09 2.1147e-05 -0.0771683 -4.48684 -0.0771683 -4.48684 -0.0771683 -4.48684 -0.0771683 -4.48684 0 1 0 0 0 1 
-0.136609 0.962782 0.233216 128000 -1.02543 -0.000106659 0.000125809 -2.64028e-05 0.000144038 0 -0.527798 -0.503632 0.863918 1.342e-06 2722 283.16 730 0.4 0.5 0.0065 0.000204089 -2.32164e-07 4.98782 -6.6214e-08 2.53395e-12 4.25211e-16 2.53395e-12 3.9652e-16 1.3653e-09 2.11415e-05 -0.0771683 -4.48684 -0.0771683 -4.48684 -0.0771683 -4.48684 -0.0771683 -4.48684 0 1 0 0 0 1 
-0.136644 0.962762 0.233276 128000 -1.02542 -0.000106659 0.000125809 -2.64031e-05 0.000144038 0 -0.527798 -0.503632 0.863918 1.342e-06 2722 283.16 730 0.4 0.5 0.0065 0.000204089 -2.32164e-07 4.9879 -6.6214e-08 2.57043e-12 2.21885e-16 2.57046e-12 2.2174e-16 1.3648e-09 2.11359e-05 -0.0771683 -4.48684 -0.0771683 -4.48684 -0.0771683 -4.48684 -0.0771683 -4.48684 0 1 0 0 0 1 
-0.136679 0.962742 0.233337 128000 -1.02541 -0.000106659 0.000125809 -2.64034e-05 0.000144038 0 -0.527798 -0.503632 0.863918 1.342e-06 2722 283.16 730 0.4 0.5 0.0065 0.000204089 -2.32164e-07 4.98797 -6.6214e-08 2.60091e-12 1.6468e-16 2.60093e-12 1.64534e-16 1.36431e-09 2.11304e-05 -0.0771683 -4.48684 -0.0771683 -4.48684 -0.0771683 -4.48684 -0.0771683 -4.48684 0 1 0 0 0 1 
-0.136715 0.962723 0.233397 128000 -1.0254 -0.000106659 0.000125809 -2.64038e-05 0.000144038 0 -0.527798 -0.503632 0.863918 1.342e-06 2722 283.16 730 0.4 0.5 0.0065 0.000204089 -2.32164e-07 4.98804 -6.6214e-08 2.4368e-12 3.96987e-16 2.43697e-12 6.25324e-16 1.36334e-09 2.11248e-05 -0.0771683 -4.48684 -0.0771683 -4.48684 -0.0771683 -4.48684 -0.0771683 -4.48684 0 1 0 0 0 1 
-0.13675 0.962703 0.233457 128000 -1.02539 -0.000106659 0.000125809 -2.64041e-05 0.000144038 0 -0.527798 -0.503632 0.863918 1.342e-06 2722 283.16 730 0.4 0.5 0.0065 0.000204089 -2.32164e-07 4.98811 -6.6214e-08 2.48507e-12 1.40763e-16 2.48519e-12 3.40561e-16 1.36284e-09 2.11193e-05 -0.0771683 -4.48684 -0.0771683 -4.48684 -0.0771683 -4.48684 -0.0771683 -4.48684 0 1 0 0 0 1 
-0.136785 0.962683 0.233518 128000 -1.02538 -0.000106659 0.000125809 -2.64044e-05 0.000144038 0 -0.527798 -0.503632 0.863918 1.342e-06 2722 283.16 730 0.4 0.5 0.0065 0.000204089 -2.32164e-07 4.98819 -6.6214e-08 2.5275e-12 -8.96838e-17 2.52762e-12 2.44826e-17 1.36235e-09 2.11138e-05 -0.0771683 -4.48684 -0.0771683 -4.48684 -0.0771683 -4.48684 -0.0771683 -4.48684 0 1 0 0 0 1 
-0.136821 0.962664 0.233578 128000 -1.02537 -0.000106659 0.000125809 -2.64048e-05 0.000144038 0 -0.527798 -0.503632 0.863918 1.342e-06 2722 283.16 730 0.4 0.5 0.0065 0.000204089 -2.32164e-07 4.98826 -6.6214e-08 2.56392e-12 -1.95197e-16 2.564e-12 4.60786e-18 1.36186e-09 2.11083e-05 -0.0771683 -4.48684 -0.0771683 -4.48684 -0.0771683 -4.48684 -0.0771683 -4.48684 0 1 0 0 0 1 
-0.136856 0.962644 0.233639 128000 -1.02536 -0.000106659 0.000125809 -2.64051e-05 0.000144038 0 -0.527798 -0.503632 0.863918 1.342e-06 2722 283.16 730 0.4 0.5 0.0065 0.000204089 -2.32164e-07 4.98833 -6.6214e-08 2.59441e-12 -9.56165e-17 2.59449e-12 1.04192e-16 1.36136e-09 2.11028e-05 -0.0771683 -4.48684 -0.0771683 -4.48684 -0.0771683 -4.48684 -0.0771683 -4.48684 0 1 0 0 0 1 
-0.136927 0.962605 0.23376 128000 -1.02534 -0.000106659 0.000125809 -2.64058e-05 0.000144038 0 -0.527798 -0.503632 0.863918 1.342e-06 2722 283.16 730 0.4 0.5 0.0065 0.000204089 -2.32164e-07 4.98848 -6.6214e-08 2.47903e-12 9.80356e-17 2.47906e-12 1.2635e-16 1.3599e-09 2.10917e-05 -0.0771683 -4.48684 -0.0771683 -4.48684 -0.0771683 -4.48684 -0.0771683 -4.48684 0 1 0 0 0 1 
-0.136962 0.962585 0.23382 128000 -1.02533 -0.000106659 0.000125809 -2.64061e-05 0.000144038 0 -0.527798 -0.503632 0.863918 1.342e-06 2722 283.16 730 0.4 0.5 0.0065 0.000204089 -2.32164e-07 4.98855 -6.6214e-08 2.52124e-12 -1.43877e-16 2.52124e-12 -2.01208e-16 1.35941e-09 2.10862e-05 -0.0771683 -4.48684 -0.0771683 -4.48684 -0.0771683 -4.48684 -0.0771683 -4.48684 0 1 0 0 0 1 
-0.136998 0.962565 0.23388 128000 -1.02532 -0.000106659 0.000125809 -2.64065e-05 0.000144038 0 -0.527798 -0.503632 0.863918 1.342e-06 2722 283.16 730 0.4 0.5 0.0065 0.000204089 -2.32164e-07 4.98862 -6.6214e-08 2.55757e-12 -1.63264e-16 2.55756e-12 -1.06401e-16 1.35892e-09 2.10807e-05 -0.0771683 -4.48684 -0.0771683 -4.48684 -0.0771683 -4.48684 -0.0771683 -4.48684 0 1 0 0 0 1 
-0.137033 0.962545 0.233941 128000 -1.02532 -0.000106659 0.000125809 -2.64068e-05 0.000144038 0 -0.527798 -0.503632 0.863918 1.342e-06 2722 283.16 730 0.4 0.5 0.0065 0.000204089 -2.32164e-07 4.9887 -6.6214e-08 2.58825e-12 3.16174e-16 2.58831e-12 4.01582e-16 1.35842e-09 2.10752e-05 -0.0771683 -4.48684 -0.0771683 -4.48684 -0.0771683 -4.48684 -0.0771683 -4.48684 0 1 0 0 0 1 
-0.137068 0.962526 0.234001 128000 -1.0253 -0.000106659 0.000125809 -2.64071e-05 0.000144038 0 -0.527798 -0.503632 0.863918 1.342e-06 2722 283.16 730 0.4 0.5 0.0065 0.000204089 -2.32164e-07 4.98877 -6.6214e-08 2.42478e-12 9.81372e-17 2.42478e-12 1.55082e-16 1.35745e-09 2.10696e-05 -0.0771683 -4.48684 -0.0771683 -4.48684 -0.0771683 -4.48684 -0.0771683 -4.48684 0 1 0 0 0 1 
-0.137104 0.962506 0.234062 128000 -1.02529 -0.000106659 0.000125809 -2.64075e-05 0.000144038 0 -0.527798 -0.503632 0.863918 1.342e-06 2722 283.16 730 0.4 0.5 0.0065 0.000204089 -2.32164e-07 4.98884 -6.6214e-08 2.47287e-12 -2.41371e-17 2.4729e-12 4.25549e-18 1.35696e-09 2.10641e-05 -0.0771683 -4.48684 -0.0771683 -4.48684 -0.0771683 -4.48684 -0.0771683 -4.48684 0 1 0 0 0 1 
-0.137139 0.962486 0.234122 128000 -1.02528 -0.000106659 0.000125809 -2.64078e-05 0.000144038 0 -0.527798 -0.503632 0.863918 1.342e-06 2722 283.16 730 0.4 0.5 0.0065 0.000204089 -2.32164e-07 4.98892 -6.6214e-08 2.51528e-12 2.08858e-16 2.51522e-12 2.37254e-16 1.35647e-09 2.10586e-05 -0.0771683 -4.48684 -0.0771683 -4.48684 -0.0771683 -4.48684 -0.0771683 -4.48684 0 1 0 0 0 1 
-0.137174 0.962467 0.234182 128000 -1.02528 -0.000106659 0.000125809 -2.64081e-05 0.000144038 0 -0.527798 -0.503632 0.863918 1.342e-06 2722 283.16 730 0.4 0.5 0.0065 0.000204089 -2.32164e-07 4.98899 -6.6214e-08 2.55125e-12 -3.21988e-16 2.55128e-12 -2.36492e-16 1.35598e-09 2.10532e-05 -0.0771683 -4.48684 -0.0771683 -4.48684 -0.0771683 -4.48684 -0.0771683 -4.48684 0 1 0 0 0 1 
-0.13721 0.962447 0.234243 128000 -1.02527 -0.000106659 0.000125809 -2.64085e-05 0.000144038 0 -0.527798 -0.503632 0.863918 1.342e-06 2722 283.16 730 0.4 0.5 0.0065 0.000204089 -2.32164e-07 4.98906 -6.6214e-08 2.5817e-12 -7.24281e-17 2.58172e-12 -1.5477e-17 1.35549e-09 2.10477e-05 -0.0771683 -4.48684 -0.0771683 -4.48684 -0.0771683 -4.48684 -0.0771683 -4.48684 0 1 0 0 0 1 
-0.13728 0.962407 0.234364 128000 -1.02524 -0.000106659 0.000125809 -2.64092e-05 0.000144038 0 -0.527798 -0.503632 0.863918 1.342e-06 2722 283.16 730 0.4 0.5 0.0065 0.000204089 -2.32164e-07 4.98921 -6.6214e-08 2.46712e-12 4.11583e-16 2.46698e-12 2.11897e-16 1.35404e-09 2.10366e-05 -0.0771683 -4.48684 -0.0771683 -4.48684 -0.0771683 -4.48684 -0.0771683 -4.48684 0 1 0 0 0 1 
-0.137316 0.962388 0.234424 128000 -1.02524 -0.000106659 0.000125809 -2.64095e-05 0.000144038 0 -0.527798 -0.503632 0.863918 1.342e-06 2722 283.16 730 0.4 0.5 0.0065 0.000204089 -2.32164e-07 4.98928 -6.6214e-08 2.50925e-12 3.11908e-16 2.50914e-12 1.12222e-16 1.35355e-09 2.10312e-05 -0.0771683 -4.48684 -0.0771683 -4.48684 -0.0771683 -4.48684 -0.0771683 -4.48684 0 1 0 0 0 1 
-0.137351 0.962368 0.234485 128000 -1.02523 -0.000106659 0.000125809 -2.64098e-05 0.000144038 0 -0.527798 -0.503632 0.863918 1.342e-06 2722 283.16 730 0.4 0.5 0.0065 0.000204089 -2.32164e-07 4.98935 -6.6214e-08 2.54507e-12 -3.18308e-16 2.54493e-12 -5.17998e-16 1.35305e-09 2.10257e-05 -0.0771683 -4.48684 -0.0771683 -4.48684 -0.0771683 -4.48684 -0.0771683 -4.48684 0 1 0 0 0 1 
-0.137386 0.962348 0.234545 128000 -1.02522 -0.000106659 0.000125809 -2.64102e-05 0.000144038 0 -0.527798 -0.503632 0.863918 1.342e-06 2722 283.16 730 0.4 0.5 0.0065 0.000204089 -2.32164e-07 4.98943 -6.6214e-08 2.57524e-12 -2.93981e-16 2.57516e-12 -4.36571e-16 1.35256e-09 2.10202e-05 -0.0771683 -4.48684 -0.0771683 -4.48684 -0.0771683 -4.48684 -0.0771683 -4.48684 0 1 0 0 0 1 
-0.137422 0.962328 0.234605 128000 -1.0252 -0.000106659 0.000125809 -2.64105e-05 0.000144038 0 -0.527798 -0.503632 0.863918 1.342e-06 2722 283.16 730 0.4 0.5 0.0065 0.000204089 -2.32164e-07 4.9895 -6.6214e-08 2.41322e-12 4.53573e-16 2.41313e-12 3.96581e-16 1.3516e-09 2.10147e-05 -0.0771683 -4.48684 -0.0771683 -4.48684 -0.0771683 -4.48684 -0.0771683 -4.48684 0 1 0 0 0 1 
-0.137457 0.962308 0.234666 128000 -1.02519 -0.000106659 0.000125809 -2.64108e-05 0.000144038 0 -0.527798 -0.503632 0.863918 1.342e-06 2722 283.16 730 0.4 0.5 0.0065 0.000204089 -2.32164e-07 4.98957 -6.6214e-08 2.46105e-12 2.07079e-16 2.46099e-12 1.21536e-16 1.35111e-09 2.10092e-05 -0.0771683 -4.48684 -0.0771683 -4.48684 -0.0771683 -4.48684 -0.0771683 -4.48684 0 1 0 0 0 1 
-0.137493 0.962289 0.234726 128000 -1.02519 -0.000106659 0.000125809 -2.64112e-05 0.000144038 0 -0.527798 -0.503632 0.863918 1.342e-06 2722 283.16 730 0.4 0.5 0.0065 0.000204089 -2.32164e-07 4.98965 -6.6214e-08 2.50308e-12 2.3062e-16 2.50302e-12 1.73628e-16 1.35063e-09 2.10038e-05 -0.0771683 -4.48684 -0.0771683 -4.48684 -0.0771683 -4.48684 -0.0771683 -4.48684 0 1 0 0 0 1 
-0.137528 0.962269 0.234787 128000 -1.02518 -0.000106659 0.000125809 -2.64115e-05 0.000144038 0 -0.527798 -0.503632 0.863918 1.342e-06 2722 283.16 730 0.4 0.5 0.0065 0.000204089 -2.32164e-07 4.98972 -6.6214e-08 2.53915e-12 1.66591e-16 2.53906e-12 8.10441e-17 1.35013e-09 2.09983e-05 -0.0771683 -4.48684 -0.0771683 -4.48684 -0.0771683 -4.48684 -0.0771683 -4.48684 0 1 0 0 0 1 
-0.137563 0.962249 0.234847 128000 -1.02517 -0.000106659 0.000125809 -2.64119e-05 0.000144038 0 -0.527798 -0.503632 0.863918 1.342e-06 2722 283.16 730 0.4 0.5 0.0065 0.000204089 -2.32164e-07 4.98979 -6.6214e-08 2.56927e-12 1.56115e-16 2.56921e-12 1.5623e-16 1.34964e-09 2.09929e-05 -0.0771683 -4.48684 -0.0771683 -4.48684 -0.0771683 -4.48684 -0.0771683 -4.48684 0 1 0 0 0 1 
-0.137634 0.962209 0.234968 128000 -1.02515 -0.000106659 0.000125809 -2.64125e-05 0.000144038 0 -0.527798 -0.503632 0.863918 1.342e-06 2722 283.16 730 0.4 0.5 0.0065 0.000204089 -2.32164e-07 4.98994 -6.6214e-08 2.455e-12 9.26586e-17 2.45517e-12 4.06904e-16 1.3482e-09 2.09819e-05 -0.0771683 -4.48684 -0.0771683 -4.48684 -0.0771683 -4.48684 -0.0771683 -4.48684 0 1 0 0 0 1 
-0.137669 0.96219 0.235028 128000 -1.02514 -0.000106659 0.000125809 -2.64129e-05 0.000144038 0 -0.527798 -0.503632 0.863918 1.342e-06 2722 283.16 730 0.4 0.5 0.0065 0.000204089 -2.32164e-07 4.99001 -6.6214e-08 2.49683e-12 -6.21112e-17 2.49695e-12 1.95028e-16 1.34771e-09 2.09764e-05 -0.0771683 -4.48684 -0.0771683 -4.48684 -0.0771683 -4.48684 -0.0771683 -4.48684 0 1 0 0 0 1 
-0.137705 0.96217 0.235089 128000 -1.02513 -0.000106659 0.000125809 -2.64132e-05 0.000144038 0 -0.527798 -0.503632 0.863918 1.342e-06 2722 283.16 730 0.4 0.5 0.0065 0.000204089 -2.32164e-07 4.99008 -6.6214e-08 2.53272e-12 -1.53005e-16 2.53292e-12 1.32693e-16 1.34722e-09 2.0971e-05 -0.0771683 -4.48684 -0.0771683 -4.48684 -0.0771683 -4.48684 -0.0771683 -4.48684 0 1 0 0 0 1 
-0.13774 0.96215 0.235149 128000 -1.02512 -0.000106659 0.000125809 -2.64135e-05 0.000144038 0 -0.527798 -0.503632 0.863918 1.342e-06 2722 283.16 730 0.4 0.5 0.0065 0.000204089 -2.32164e-07 4.99016 -6.6214e-08 2.56275e-12 -3.51996e-16 2.56289e-12 -1.23409e-16 1.34673e-09 2.09656e-05 -0.0771683 -4.48684 -0.0771683 -4.48684 -0.0771683 -4.48684 -0.0771683 -4.48684 0 1 0 0 0 1 
-0.137775 0.96213 0.235209 128000 -1.02511 -0.000106659 0.000125809 -2.64139e-05 0.000144038 0 -0.527798 -0.503632 0.863918 1.342e-06 2722 283.16 730 0.4 0.5 0.0065 0.000204089 -2.32164e-07 4.99023 -6.6214e-08 2.40139e-12 2.24542e-16 2.40144e-12 2.24653e-16 1.34578e-09 2.096e-05 -0.0771683 -4.48684 -0.0771683 -4.48684 -0.0771683 -4.48684 -0.0771683 -4.48684 0 1 0 0 0 1 
-0.137811 0.96211 0.23527 128000 -1.0251 -0.000106659 0.000125809 -2.64142e-05 0.000144038 0 -0.527798 -0.503632 0.863918 1.342e-06 2722 283.16 730 0.4 0.5 0.0065 0.000204089 -2.32164e-07 4.9903 -6.6214e-08 2.4492e-12 3.2048e-16 2.4492e-12 3.77706e-16 1.34529e-09 2.09546e-05 -0.0771683 -4.48684 -0.0771683 -4.48684 -0.0771683 -4.48684 -0.0771683 -4.48684 0 1 0 0 0 1 
-0.137846 0.962091 0.23533 128000 -1.02509 -0.000106659 0.000125809 -2.64146e-05 0.000144038 0 -0.527798 -0.503632 0.863918 1.342e-06 2722 283.16 730 0.4 0.5 0.0065 0.000204089 -2.32164e-07 4.99038 -6.6214e-08 2.49068e-12 -1.88824e-16 2.49071e-12 -1.0304e-16 1.34481e-09 2.09492e-05 -0.0771683 -4.48684 -0.0771683 -4.48684 -0.0771683 -4.48684 -0.0771683 -4.48684 0 1 0 0 0 1 
-0.137881 0.962071 0.23539 128000 -1.02508 -0.000106659 0.000125809 -2.64149e-05 0.000144038 0 -0.527798 -0.503632 0.863918 1.342e-06 2722 283.16 730 0.4 0.5 0.0065 0.000204089 -2.32164e-07 4.99045 -6.6214e-08 2.52675e-12 2.33171e-17 2.52675e-12 8.05494e-17 1.34432e-09 2.09437e-05 -0.0771683 -4.48684 -0.0771683 -4.48684 -0.0771683 -4.48684 -0.0771683 -4.48684 0 1 0 0 0 1 
-0.137917 0.962051 0.235451 128000 -1.02507 -0.000106659 0.000125809 -2.64152e-05 0.000144038 0 -0.527798 -0.503632 0.863918 1.342e-06 2722 283.16 730 0.4 0.5 0.0065 0.000204089 -2.32164e-07 4.99052 -6.6214e-08 2.55685e-12 3.27937e-16 2.55685e-12 3.28049e-16 1.34383e-09 2.09383e-05 -0.0771683 -4.48684 -0.0771683 -4.48684 -0.0771683 -4.48684 -0.0771683 -4.48684 0 1 0 0 0 1 
-0.137987 0.962011 0.235572 128000 -1.02505 -0.000106659 0.000125809 -2.64159e-05 0.000144038 0 -0.527798 -0.503632 0.863918 1.342e-06 2722 283.16 730 0.4 0.5 0.0065 0.000204089 -2.32164e-07 4.99067 -6.6214e-08 2.44282e-12 -3.59738e-16 2.44291e-12 -3.3117e-16 1.34239e-09 2.09274e-05 -0.0771683 -4.48684 -0.0771683 -4.48684 -0.0771683 -4.48684 -0.0771683 -4.48684 0 1 0 0 0 1 
-0.138023 0.961991 0.235632 128000 -1.02504 -0.000106659 0.000125809 -2.64162e-05 0.000144038 0 -0.527798 -0.503632 0.863918 1.342e-06 2722 283.16 730 0.4 0.5 0.0065 0.000204089 -2.32164e-07 4.99074 -6.6214e-08 2.48464e-12 -2.33893e-16 2.4847e-12 -2.05324e-16 1.34191e-09 2.0922e-05 -0.0771683 -4.48684 -0.0771683 -4.48684 -0.0771683 -4.48684 -0.0771683 -4.48684 0 1 0 0 0 1 
-0.138058 0.961971 0.235692 128000 -1.02503 -0.000106659 0.000125809 -2.64166e-05 0.000144038 0 -0.527798 -0.503632 0.863918 1.342e-06 2722 283.16 730 0.4 0.5 0.0065 0.000204089 -2.32164e-07 4.99081 -6.6214e-08 2.52061e-12 3.9509e-17 2.52072e-12 1.25198e-16 1.34142e-09 2.09165e-05 -0.0771683 -4.48684 -0.0771683 -4.48684 -0.0771683 -4.48684 -0.0771683 -4.48684 0 1 0 0 0 1 
-0.138093 0.961952 0.235753 128000 -1.02502 -0.000106659 0.000125809 -2.64169e-05 0.000144038 0 -0.527798 -0.503632 0.863918 1.342e-06 2722 283.16 730 0.4 0.5 0.0065 0.000204089 -2.32164e-07 4.99089 -6.6214e-08 2.55024e-12 -3.60382e-16 2.55035e-12 -3.03251e-16 1.34093e-09 2.09111e-05 -0.0771683 -4.48684 -0.0771683 -4.48684 -0.0771683 -4.48684 -0.0771683 -4.48684 0 1 0 0 0 1 
-0.138129 0.961932 0.235813 128000 -1.02501 -0.000106659 0.000125809 -2.64173e-05 0.000144038 0 -0.527798 -0.503632 0.863918 1.342e-06 2722 283.16 730 0.4 0.5 0.0065 0.000204089 -2.32164e-07 4.99096 -6.6214e-08 2.38976e-12 1.98829e-16 2.3897e-12 1.4159e-16 1.33998e-09 2.09056e-05 -0.0771683 -4.48684 -0.0771683 -4.48684 -0.0771683 -4.48684 -0.0771683 -4.48684 0 1 0 0 0 1 
